2312
49839
57938
96793
45086
67465
13291
44416
84861
90928
18031
29387
49820
97323
7250
3044
31288
93948
27209
11029
79760
41754
22838
6994
81216
83356
13324
99509
92056
95377
86494
16997
11705
66797
35784
11632
72363
75838
77465
17815
39325
29597
80444
96649
21243
79007
28929
81255
94629
43371
97645
24551
83026
33382
62747
18996
85280
52490
84045
68051
96054
81717
98323
352
74552
53374
29174
96471
43302
5890
88866
82318
51858
9916
68494
24831
19867
62548
83945
73284
20075
43086
88355
11291
18762
62531
69333
90505
72509
67469
68846
35451
21055
38491
2395
77959
26906
63780
6001
73649
5985
88025
91002
35017
57133
67187
731
30322
8274
90572
78046
83134
64606
43113
71424
16341
71853
35573
31768
42996
38636
91145
99651
11761
58280
12935
12520
32797
50674
13989
89485
65091
82514
15975
85942
48365
84772
4678
73108
41957
50195
54636
58450
42137
23729
29953
91255
14072
64176
73503
88601
47097
67712
19874
8703
90266
16645
34492
78672
71750
49044
85317
93533
34608
94379
80687
80360
22396
96842
4055
56016
5277
80114
80247
22810
30233
57464
74425
31262
61352
32869
58854
16747
59995
61645
70397
38327
3962
37674
68959
67462
44454
29237
51974
12502
5725
5505
16662
9222
42779
50228
75116
21089
12221
6178
45331
17675
7714
41735
54261
53030
62602
35553
18798
67137
74176
5128
9629
47614
80276
12747
18484
86687
5153
38185
50510
88940
91181
65032
4448
95267
6639
12469
99208
94364
63498
70009
37474
46264
79128
78196
42330
55462
35682
71480
78715
21553
53899
66277
1894
1898
64781
95452
38814
55501
32347
85410
22272
21266
65253
20596
32753
98707
3258
84226
17615
88277
74632
88873
44617
98453
18590
27568
53259
22736
5971
31518
6673
32590
81120
32662
51900
77388
43144
34513
38883
69606
11576
35191
66945
82141
31400
27577
85900
88266
46209
48173
95398
74463
63738
3815
17228
57366
29147
19665
39340
8601
84930
94887
42835
17517
56451
62929
12324
12123
30185
98046
41029
61116
23164
73337
81684
27713
30843
30731
25495
18780
60361
33325
44656
22831
81092
12039
14863
77231
10704
86922
77537
11380
76850
72967
85191
64192
27800
63114
54433
24905
42710
5814
47465
20741
9451
39486
98749
32017
15650
60029
44596
11902
3956
93203
43377
44952
89611
87005
5973
23380
63906
72720
5775
32470
4680
48913
47630
63837
4867
7476
39800
78667
6736
67279
12659
65588
16169
66714
6848
30498
60864
96997
32455
47139
96520
34038
77230
36432
36178
66429
86691
63386
51637
65110
35865
60147
60263
15291
54223
3030
3208
67683
331
30069
61086
76699
23846
16445
95066
25023
54625
72328
59385
4310
15542
52222
78055
36679
78825
94665
90239
62587
54749
56820
80109
38033
11939
22398
93780
40215
22189
80673
55915
22988
72224
88922
33729
1456
54760
73524
29730
50148
70565
63606
4946
27779
72644
54757
61495
30428
6280
97207
75123
87691
47655
28854
4878
68883
47409
77644
78546
47867
66603
20657
89456
40386
54586
80207
94368
5408
23707
50734
91845
45402
48687
4897
23247
77953
9908
35083
65498
11528
51951
24719
46516
72641
5188
40596
54556
61683
25672
10961
76646
96697
44750
58554
50779
6842
3742
50503
30717
69248
97828
8413
51463
52503
68900
50460
11315
453
77259
87589
38614
28032
8704
95461
81894
62480
81690
28802
64987
13891
93803
17248
18291
66342
186
73073
80336
64199
88687
27959
2908
27652
96039
93655
19597
75311
46663
14652
37603
25921
44748
85125
49325
27575
80833
40589
53580
41710
29835
24084
80176
39767
3647
88014
96478
82486
68467
75176
87315
59677
62097
22899
17826
54368
89095
97327
93881
96437
53788
47189
54082
25066
87581
19169
165
36930
36149
45722
74411
70893
50556
73087
96381
37379
29542
72527
8075
79357
15292
9269
38088
51889
94376
51151
50738
13160
20361
67737
1968
71933
33959
39227
99893
43316
61888
73899
56769
39060
39201
64128
45254
31106
16336
88213
7559
93916
68038
6102
63037
83823
65242
12043
12275
99734
74201
83550
54161
40336
32497
91945
19063
73564
87500
85729
49695
91507
92954
26969
84645
32897
21896
77941
78914
68994
9709
52268
26675
52886
61410
96408
68984
39008
68593
99742
4729
21281
51974
63444
95779
44075
18627
31828
93872
41861
38288
56636
91941
16186
50415
86078
86420
19550
18894
34763
52930
45887
51477
83351
41059
68675
88703
44201
38625
31268
89541
45794
98908
35525
86262
19559
99947
82511
15907
78732
52480
19468
66134
42559
77002
40415
5091
17647
43028
25950
93239
30423
26187
22126
11437
3722
78237
23001
80575
22076
68764
40334
30618
5099
98753
76022
33130
97801
20142
62382
66964
48423
12524
78918
55907
13055
35475
37013
72793
76702
24552
3990
24871
81580
51712
96387
43417
70810
71203
14252
34376
87654
60396
60116
82291
75854
99245
87401
36584
19247
64047
98206
62107
7192
67734
79750
30361
9168
99043
37711
86935
96161
39604
97913
38435
15551
16806
78322
15388
44889
68762
4943
2078
38427
28630
42664
39573
95453
84642
24561
29203
42604
31346
73777
63868
58387
24932
38305
97822
21510
18559
89219
45535
62858
15996
89083
12206
13508
81248
99854
67676
51613
61671
43958
80323
50094
17213
59968
11108
37454
79877
85699
84815
69205
56989
66076
46907
25516
89368
43210
83574
66132
59531
67203
1494
143
41956
59953
9965
5486
91891
78029
82587
13912
35597
65142
38749
89268
88421
27278
27972
9908
29627
17202
63137
34238
65265
4211
69307
26583
20760
48950
59747
45934
23754
17060
41727
4515
69456
33518
8451
84178
64515
65570
12958
98880
58127
24194
1359
78849
32020
24135
63192
5699
81478
66834
75627
24154
80309
90762
24642
50665
70375
49719
93515
62698
64704
99770
98879
74362
45379
66567
33300
5124
56531
18400
42248
95656
43539
15695
15230
54120
53355
44223
67333
36015
96780
74200
6836
16798
96458
76405
29202
38293
23400
64068
75537
92634
30962
53849
62587
56264
21155
175
23268
23927
21415
36412
50719
95716
66075
90064
4973
67742
27697
59274
29263
17709
14639
45975
42493
43934
5047
93160
20816
29486
71425
99822
50361
67283
52452
93205
25204
50690
71988
65882
68343
81504
92357
37547
80453
53225
34637
21721
67360
56534
33704
79100
87578
25551
27253
15588
53100
43789
66589
93751
74591
3018
71956
64396
94376
34280
22009
51906
47217
88091
65624
65469
12626
30131
45742
52287
8351
44009
50572
77183
31579
71622
53140
92969
3690
16619
42976
89554
15076
37888
19267
533
83077
32380
27367
2543
28417
86990
50581
84980
501
11558
53300
37228
27320
25763
57384
71597
81489
44858
94171
79638
79778
4960
35258
72517
63554
50388
58838
45557
74825
46955
1995
7704
20644
45561
41437
83277
61576
10489
88830
48830
20579
46233
77516
50553
15790
90085
26007
47977
62334
24015
74144
79120
29466
93688
58237
6947
26599
50142
4442
62466
46591
29217
30137
11314
33921
23539
70170
26809
86017
94524
53173
19446
67552
28103
36580
15962
76150
91661
54878
97127
21868
82812
58622
15395
29030
90051
38946
30585
23421
76445
48143
75052
38763
94263
34866
92569
73056
49760
81026
51720
19345
79180
49057
24814
45072
66725
33280
41667
24854
29518
33410
23803
20541
46869
3737
4675
31467
41845
25293
4729
27720
56389
3547
7816
79376
72001
38810
61631
94308
47378
37240
58381
67163
71293
20675
31484
13526
34629
11140
23815
28754
84893
25958
11800
73622
73838
41717
53635
12043
69250
16769
2552
80779
94091
16513
98921
88307
69746
62644
89305
87122
89503
10690
99901
29412
38850
61442
94386
75736
92541
42101
46810
98156
44590
80719
38132
6267
90588
23158
26199
18892
90557
87714
52075
73836
86017
88965
86884
30422
57375
33380
80987
10895
22362
17955
25803
61486
27088
16319
80933
93336
72095
54613
19185
73898
23316
92992
36866
5551
1649
31391
92339
96466
38618
53237
14884
32045
17565
79434
91148
66367
20476
9135
54841
65020
67128
68575
9451
31967
5403
65025
20009
4603
79905
9385
37791
22575
24932
21246
1621
98711
57923
67382
78701
92863
29967
86910
37400
89043
97170
56758
84341
33361
90620
20057
82375
90656
1963
3802
99154
64058
17718
78858
45362
9445
22646
84726
51064
9439
2674
10380
88674
26455
62053
92254
81110
41913
24654
35840
41659
14049
22612
83340
42068
7281
29172
76677
29465
22110
35304
63896
38547
10116
61782
56510
80244
39481
57266
58590
17905
32287
43825
65903
93310
9779
21483
40347
49988
61827
2284
81856
35809
78621
35799
84272
4508
47586
4567
94424
94371
51705
61252
27677
57827
58943
22862
35394
30915
93404
27626
98342
51166
29234
65942
68011
6651
30095
34410
20721
52106
59425
65244
85601
47773
10537
73264
44134
11777
34216
37595
67317
46200
44278
91730
17101
1557
41585
23796
67481
57875
41075
89776
36531
38513
65724
23060
22115
82222
82734
58004
58373
5245
3768
58131
29576
62277
54634
23377
91538
20280
25703
43921
45249
60366
32441
50630
88556
96509
39070
40122
15944
70423
27487
29338
46823
80608
97314
8993
98331
15691
96597
76831
89305
56496
5355
94245
5720
82924
644
48464
93112
74580
58308
8144
73023
56375
28773
79316
21886
52304
19464
66164
18195
66245
10887
96443
77032
57599
91558
32238
54584
83398
43528
51645
11666
17112
46494
85701
22070
93861
87162
60800
69820
43914
48130
22378
67572
77897
51487
71408
81672
36673
46069
84567
22557
77967
68045
71
49592
96577
27566
42706
37982
12306
11947
72164
59924
22759
84534
78728
3013
99333
90865
45269
22722
81517
85189
90964
7875
29878
32428
86223
8940
20005
13032
97463
3915
30155
17335
5490
82653
32762
89246
77215
47792
72261
23042
51847
64035
1268
71669
92578
41322
46465
88078
6979
13774
99538
97777
97826
77521
56051
7726
5955
99599
56143
84806
28392
71232
88811
58023
56496
96858
89887
83384
7754
94931
3442
92976
14074
2723
369
18689
63623
62024
73099
70770
47294
23364
30284
90539
76423
72801
6196
5257
38818
49781
68947
64913
7869
88640
19428
94657
31573
93682
19715
69666
92166
8586
15180
19418
2098
56217
86450
53278
9418
19812
8056
18564
44699
44648
21295
87414
87639
96152
29325
32995
51455
69666
75110
52207
40395
2865
21194
10379
46870
19467
44411
48223
76648
68282
67145
34212
29441
2151
74379
40494
16191
91938
61852
72326
35149
40158
2288
15606
4040
78650
52850
29566
94478
96923
43547
8196
6053
35156
87985
59911
5670
80872
58042
28308
18916
37798
58363
94833
39613
47410
24561
17943
95356
71941
88075
83902
13607
16971
33090
25232
34764
75274
75095
15711
59171
13218
78471
60914
81920
14160
9037
76890
60089
17100
65524
83428
77646
88051
98615
91047
88025
50303
87416
38396
28851
75217
633
81902
98591
15089
7098
2823
73144
3692
41903
28074
58131
43996
51613
72703
57808
55046
16530
51816
8579
21661
11518
24083
24473
40068
34833
26824
33225
95024
69810
45346
1752
61771
59770
80922
36137
81685
86667
51327
83071
6757
18352
97282
91792
59438
60018
93582
75593
95933
87315
40693
50936
37246
48651
56965
54970
45982
12701
99225
33985
60234
77846
90604
23713
5399
52321
74120
52311
71131
44969
33149
9974
23929
48332
46733
84176
9626
67576
27587
62878
15158
26150
26052
11820
147
28400
59870
22180
39172
9615
83358
90293
52498
97941
1182
3071
10872
2372
34618
92318
36552
36009
77795
67025
37355
56409
52013
55462
11846
2950
1059
6596
22200
17533
77851
41908
43327
98592
94019
18188
42555
33659
85370
21017
68426
25349
69980
28041
79443
28981
51221
75443
61630
25822
68919
54755
12416
21193
2791
16614
37492
92173
62129
86350
45797
79182
83100
2018
77960
56271
50327
63782
76838
30421
81395
3714
90872
76249
79403
33265
56939
99721
22013
36585
31107
99005
16093
12514
39963
7345
25343
31652
69354
82244
65809
65937
95713
98571
73483
92172
37393
56242
63903
44261
75978
53936
77355
67459
91806
16454
1613
38860
59109
82229
502
85524
28953
75481
83959
1439
62337
54629
58488
18324
89322
30204
70152
60961
54417
69225
89006
12677
83230
27804
62494
69694
20843
96418
85543
66064
40322
73695
27945
76718
85220
75211
48708
32648
73349
6374
9899
35633
50133
91001
73815
83723
87418
36043
56377
62737
95225
48444
25159
88385
2771
10690
70584
66853
31020
98461
89354
84189
84615
80985
93184
72938
37837
84640
8202
1593
62988
59993
30012
77546
77212
865
63776
67484
70429
90148
89000
9366
10236
94648
79643
57685
23284
68375
58129
44653
56593
34391
26682
9374
51664
23687
47256
13749
81795
15880
30925
75643
43824
88805
55246
99806
13753
70193
26903
65210
55382
11740
85465
91076
64734
58865
84494
90067
66693
84111
16013
22091
93471
94434
24985
71559
6435
64830
1652
5923
94891
43703
42417
94563
1623
84639
43270
76675
68497
84925
19008
95963
29931
72934
25777
55567
48804
41371
37764
53969
17322
21759
25201
17107
35162
76627
91500
44749
96067
8720
59736
84199
4936
98241
15769
21668
78724
67706
55079
25579
16327
40824
68798
66322
48511
28247
37043
49514
84338
35178
2369
94946
35719
83802
67072
12408
13509
8254
69591
70883
37235
75508
70857
47798
36767
92345
59755
24849
47418
78315
52629
61930
22208
39320
43127
94868
95413
78786
3555
21705
14795
16433
73672
47769
49057
83221
96639
31279
57637
77015
50238
58428
19321
64987
50089
9347
45619
86901
86857
66208
7551
67812
50389
20374
19648
62095
42060
82291
32691
94715
49893
706
66708
90854
45054
42509
2074
47139
40592
43180
94685
40786
35204
21422
52632
47707
23679
40195
93161
44711
28184
67269
75318
14236
26154
56609
69161
29779
45476
92869
31324
3223
98622
14023
59344
52476
60455
28175
73911
34329
89049
59202
64978
81699
53454
27821
16084
76136
7404
97322
26245
4101
59099
50098
61698
15172
32952
81055
2082
41270
54882
16156
56404
18409
37489
16396
71652
47494
97606
88468
764
35433
30366
44742
66407
89758
61952
19115
31697
45141
57814
40972
32906
77569
75512
74140
9385
72626
88451
24038
78957
80813
35817
54510
15455
3973
42978
45127
6419
85017
5537
11569
48077
50570
63297
1900
45953
70646
85246
75741
7731
17814
25568
72252
1084
68272
44401
28824
2990
91578
49104
49159
35183
87468
8318
90830
97249
12416
95126
95210
93474
3849
21818
82840
25039
2477
84936
69095
98403
3201
37547
82680
39453
18848
63406
77807
52704
78854
55947
74713
54101
1359
43554
49145
4747
75975
3365
84017
88222
87854
68816
61769
59284
66058
95030
47935
61188
27049
55990
26892
36114
19185
85484
11919
11253
60550
54468
7032
47770
38104
19082
36659
8673
41669
58077
20686
33093
54610
47266
26409
46682
45346
12564
98521
17358
10352
52377
51641
10865
81167
74543
35503
96785
83676
56869
3222
27454
18172
76999
76492
16653
52663
54866
14682
47512
36817
15877
25531
802
76193
84984
63531
21913
84912
72966
92590
8692
13999
7110
28891
38011
95221
96344
11203
85797
97748
10266
94465
57052
23415
73050
57823
58622
27514
33286
65090
74493
1894
57471
26804
87334
20680
27628
92172
63775
92748
55691
42780
30312
63611
94754
2327
41380
26574
94388
69021
43986
16238
99631
52164
7155
5354
39106
89060
70448
44212
29899
79199
32468
90009
47630
80748
27348
43610
87938
639
60848
62667
83078
83126
46577
3656
63601
3106
63890
57711
81383
37040
48091
58878
14215
64147
97768
84138
577
89584
57608
24249
52933
50534
39617
33084
50711
85464
90737
88845
92766
27608
1776
8513
53691
95441
4913
6409
46839
29073
40487
11691
73398
4273
87588
81784
15431
72675
43261
26570
26461
12951
40969
35708
59416
6922
2536
25606
16188
86955
91712
69043
81668
57483
32451
91137
14831
1729
34317
58004
3416
9815
46505
44983
35
74740
55954
11504
67219
96743
4375
58239
11513
70637
66200
30323
76360
80127
717
89353
65283
40283
48646
41249
33431
85292
3693
70943
22533
41817
33832
29435
56887
9096
86426
10438
2964
33101
36553
41306
43247
13075
83386
84700
49530
11909
88536
29488
58136
40377
98708
24473
55087
11673
62278
70348
11420
38224
12882
29711
79937
50990
23654
12724
6778
17816
13952
10220
82861
5807
19308
84362
29503
95483
82250
18261
54019
54483
78510
87848
69037
52076
44129
78026
60133
37628
42789
16550
20503
61033
70678
45030
28551
71891
71756
45809
50498
84347
28957
37118
52944
82863
77407
27539
87366
76435
27819
33951
41048
75085
84797
20304
65547
29004
78904
68049
47816
37558
18759
96292
82796
29165
12638
86840
52476
48190
83134
49767
28726
51750
85623
42287
69859
31328
60328
40203
77481
68879
90850
12845
6653
48901
70858
77658
22037
57870
34461
3074
71260
5436
84303
3642
24990
9391
83084
84824
19171
5344
62687
87466
32281
16011
79345
53012
25865
38615
94056
18212
62348
10276
35601
12691
99127
65295
39513
51099
5233
55940
7445
44591
23333
2145
6081
32156
17203
60739
357
81434
33184
43952
60852
20078
48814
72928
12110
37024
32839
33064
34118
81043
51475
48644
52541
11430
5993
8769
98605
88839
77633
49860
4930
97679
91752
41306
37666
44669
41645
68477
8782
74003
26424
71136
5440
1383
54650
57080
18420
31303
65696
14183
74851
36813
27137
1765
99627
45306
32087
1709
83786
78065
80522
66529
82729
75379
40743
95931
93782
10835
10928
87570
30249
26134
92206
11813
52712
18985
44545
80135
20614
2974
52344
60167
91366
71492
76219
25690
30461
67041
61509
77799
373
89999
29584
32591
38734
78673
26505
98552
97312
5169
67138
99060
635
68183
59622
7058
73711
22375
59431
48673
44743
72792
35635
97916
92464
18605
39141
89111
61848
498
92440
82629
26098
2836
91990
18691
17590
79132
26639
25700
71716
94858
65125
43225
91369
81483
26148
75997
57946
67095
33839
81338
14909
38025
32789
48444
38952
69468
64867
7984
62817
66334
90419
6841
51172
75219
74210
39503
17571
53641
65023
63283
53383
17012
16447
16596
13941
75429
81517
81143
39756
94795
90366
85383
75435
43462
85059
83833
69136
84036
79225
49530
15738
18619
30842
44599
8176
61122
25878
53257
59738
21804
52540
19835
67629
80257
21297
29401
93221
46426
22532
8215
87306
11161
23000
87259
9749
46147
86624
12424
77132
73115
30378
264
98921
19741
8978
4724
8441
77139
68855
80547
26592
66231
92426
20654
42873
57670
91906
41340
76539
44157
75501
82095
1688
68915
41953
18825
17919
1203
20081
73660
63777
48468
96667
36109
26832
77206
6494
76068
35556
62139
78824
88051
62999
57408
46766
35361
68336
51223
14869
10609
89565
56195
27853
29972
76761
63150
74653
8551
90893
21258
40345
10218
54803
76994
67824
20063
40725
51453
25506
31099
92532
36495
57487
95308
95685
45083
38666
2695
91797
392
23181
3021
99021
16287
65478
66169
67217
82686
62831
97513
96227
40605
28668
51686
62693
70107
10573
89361
27963
76483
13730
51020
93518
4609
55406
44515
49580
3290
62757
86837
44525
9453
19791
79779
38545
96389
53854
36723
88453
8344
13884
72961
91333
71199
46014
91875
44731
28113
54773
84663
38917
98686
55267
21804
21749
91622
70986
58794
97202
74612
98656
47327
73563
37178
30975
16422
4908
22378
6649
56726
71833
81709
48328
46820
48215
77860
42083
94038
41210
34266
80301
85094
99865
64962
68840
51759
1230
23409
67399
32663
90425
53594
83713
95224
64708
88867
43937
94764
70209
24449
1881
89173
17168
20820
54359
15271
91261
96257
27216
55123
75238
22056
75417
36240
58042
94433
89909
90824
34652
55224
45513
92732
76231
34818
21419
89909
9323
36187
6936
62472
13494
78494
30852
14693
53423
42816
51084
83389
10043
37385
18184
34413
14466
59472
95869
67659
88107
32178
11183
60716
53156
12814
5843
39663
74718
65536
98146
25898
94549
41240
13641
239
2926
45686
29213
62906
96633
13381
78989
68986
38005
34833
81456
37433
98195
70022
46429
19690
14418
72070
70521
97486
1513
96647
62730
29539
92036
81191
21098
60298
19110
39244
952
3763
11853
39516
28233
14535
46866
86806
64476
69618
71567
27596
30218
33419
22620
74494
59388
57889
27410
8819
31831
57763
82320
84150
33074
69196
32060
96459
29992
12042
85345
43693
80105
24266
52726
7397
15243
50689
49696
9321
42462
47161
20526
85678
20764
95350
44289
51244
66559
548
34031
26413
47949
4703
88445
76816
60943
65439
90153
9985
28063
69054
13066
44717
46655
74758
14095
70532
1703
5596
82244
9264
42358
53539
35348
54892
55466
2479
72520
98979
49994
62759
84045
68583
16512
4790
8947
61674
12964
90094
27441
15580
23284
83545
49766
26145
43872
92957
77083
82126
449
50155
52805
36064
59146
10501
96582
95386
46742
38378
32851
54553
67969
17343
81327
41909
48627
57179
25142
70454
66199
66255
32823
78064
5257
28080
761
63197
3118
39138
56958
7382
74078
78947
39492
18765
7964
30546
81160
88426
73158
96762
66630
44064
28871
5022
87387
2828
65130
66595
61899
49353
93834
68468
8895
15570
63140
50454
90278
69685
3054
32394
22300
89136
79937
26168
60712
38764
80145
90014
76351
36914
98397
33780
19878
90862
38466
41338
58932
60927
58474
30529
29078
44727
96193
78707
16685
60949
41129
78657
24242
25853
40419
70887
19129
4465
33422
5149
86547
25871
31820
10621
66829
66854
29535
80907
68278
20373
29652
60230
46846
31554
11125
88234
20090
84916
80514
72640
26052
82478
34970
71811
67648
92201
86931
43342
11001
35852
84233
23975
12777
97514
57619
11395
7767
40793
89137
82293
31451
25610
65601
19766
27325
55658
65138
370
31420
23284
49551
78029
8554
98128
42397
21200
92820
81932
90464
88052
56768
53462
14711
59274
75823
39507
47880
69060
99970
88575
26646
98371
56056
62210
23503
60895
59829
85290
64578
6796
41151
48459
59086
30735
3266
80
54581
31869
71188
23164
95055
28652
65938
95618
96411
38809
32201
15485
96368
61397
1968
48173
27250
30156
20882
16719
86272
61043
13674
3639
75
49614
24808
4844
49665
70139
55888
74689
34214
17822
23361
47052
88836
73770
81011
72964
54297
33193
9722
81436
7855
90120
80647
9366
94634
28034
47245
26438
33114
91687
3201
25188
24335
54217
79258
9261
61708
12035
67288
94327
69205
99815
94498
96495
5378
75202
2823
9201
7414
21805
8742
63491
41737
86739
44105
16559
11072
37594
43948
54266
36159
87120
40636
34182
20725
30324
16634
69056
77685
48381
64382
59399
62053
29323
18776
44410
2031
19144
4498
1724
80693
35131
75154
57160
20929
10505
49532
58090
73306
95368
10388
11329
5011
51777
32128
99440
44702
94529
53739
7035
31294
40860
62214
28580
78490
15103
14826
83522
73421
90417
63257
20730
44186
5892
37890
91709
74908
84062
26018
31038
74940
65375
23272
23918
57500
25934
75121
96662
63600
29188
16754
38800
90892
21173
99316
95459
15448
94166
48250
43961
11137
37039
24222
95518
25321
11071
20057
79511
862
68358
21441
92509
9896
3572
81484
60789
34556
91851
47955
5197
23982
66611
76019
75156
11811
37978
33452
89878
60996
5349
10636
78612
47630
75096
67622
70076
13991
6366
63644
32426
75339
42550
66172
2779
26180
17818
83621
55721
59544
89229
33515
97832
82748
87552
48944
9627
46567
43264
55923
43924
73601
7296
16613
61799
29946
61247
93525
31401
6071
86134
78798
46794
14823
74112
24374
89516
47859
86566
32855
8671
10900
1926
20635
70459
12991
65151
94640
47385
89371
9020
2731
27887
20659
46203
15496
55718
59431
52696
55248
5209
41661
86715
73971
37227
39637
24762
33205
20197
16538
5772
56229
78412
49908
39532
4968
62875
44666
90470
31381
35650
45828
66977
67961
52763
52703
55401
55578
41156
46810
53047
65017
77214
30814
60512
23217
24545
35834
34007
42172
10074
33756
98303
49396
75778
51099
39250
65719
6876
27185
90631
43907
21034
71526
93123
44833
46508
36872
21055
61119
46775
98647
65745
11829
47214
73980
82778
20009
70624
20410
67435
58638
91165
70045
96853
23207
10038
18606
28044
80202
96304
43176
46806
62623
20933
82981
17174
70856
7511
26066
74032
65754
26322
19170
9496
86153
72253
37246
9020
80802
83740
2617
11818
11729
14917
29633
58527
55619
72348
54193
57934
24966
17102
80644
72105
67213
91046
55717
27758
84304
35600
87362
39089
22128
5480
94430
14242
67767
46366
38629
30523
53342
40008
19674
69545
18600
17763
28972
20244
30988
54088
29480
66956
2160
1191
85224
87410
27568
43427
96585
33376
17502
56618
15162
71862
84292
3694
22640
9922
51269
87653
5527
35211
9313
73434
13858
12442
23831
85773
47267
16614
82788
85934
26199
78682
1514
5777
7321
59013
5613
20398
83094
20958
83191
39001
89152
87762
68218
45753
97916
44844
85653
72615
43223
79199
3376
47460
53173
20467
53762
63959
58121
91466
58322
80994
13345
94701
69338
83776
29337
50552
7015
6429
11568
2910
66877
40401
66040
45978
85080
48347
20070
49684
20749
65239
90889
63692
40430
82555
60695
16263
45837
1140
84131
37267
37784
93015
76011
27544
65954
12358
69550
18492
95683
14114
14203
10803
44981
93479
30564
74434
50751
29097
6865
61902
98543
60649
57841
93638
38208
94228
34668
78922
76540
88536
81652
93590
22490
675
48409
73743
93672
12634
82427
7464
76388
87986
32122
12145
25316
39983
33130
33501
86326
74199
36099
63087
49473
54322
59860
68769
47146
88961
81047
39152
97043
15671
48512
91719
95709
21400
14927
45574
82383
29325
37477
19950
69103
17025
75571
92044
11468
3996
19405
87968
78494
77593
55550
76714
55621
44101
88597
11120
18415
39767
49373
73773
83798
70950
61899
25593
70885
34924
97136
77521
78394
48757
78190
38659
57127
32291
40104
3225
26003
29826
30193
66815
61758
56995
86279
80722
47809
90487
81048
73991
78291
30346
33922
59606
96841
10489
55545
50657
26933
52721
78017
4004
23599
27782
39388
55963
55857
29612
26269
68362
73915
59062
24091
14893
80631
72265
13921
76733
4184
42427
36578
1852
67036
33581
45482
44925
71280
53379
28975
9043
47282
80828
61190
82900
86929
79250
48435
68585
89936
26448
15288
34421
95722
54027
39598
67007
88144
24414
73330
10558
33646
57862
54134
57217
16811
9590
28280
440
14607
47096
43216
17250
47871
28545
49123
72084
55331
50192
99317
52322
9289
62051
80923
57293
79043
64181
63662
10121
24331
4120
70268
82058
75238
85995
45944
82122
96006
48792
370
84058
4490
73805
50465
45571
74304
26868
9180
82583
9739
56529
61544
65529
27999
80856
8300
78694
59817
86089
37792
57278
98316
4521
27268
71699
2502
60670
58829
24685
7057
91142
55514
34231
92389
94101
42916
78250
6203
60105
73108
39475
42316
94155
45551
81700
53015
59173
32556
13236
49314
15386
88839
20339
1336
83527
53966
7407
7313
93844
53751
67548
52559
53910
70292
99107
58596
17188
19199
47146
94225
72628
91664
66556
42346
73842
1038
1748
68405
66044
802
9515
48881
96093
79111
81852
21459
41348
8893
99056
88683
9088
42045
6956
3941
33722
9190
72243
54859
72015
20918
78840
57129
57993
6324
60516
25289
97913
57354
97280
62268
14578
52017
25152
10617
74501
66692
63852
21952
98485
29142
44076
73880
58838
47168
46288
71126
71879
47474
66009
14783
23081
15723
19015
44196
54011
92484
43616
12236
11700
29510
13434
70832
34876
5788
6661
47424
70535
48611
12152
8771
1518
24445
2582
42619
16267
74085
93053
92999
24754
61246
93451
4642
70855
90756
99213
90409
52896
3395
34789
85241
96760
48006
71895
36279
51884
52648
99632
41801
17205
34343
95796
8865
65827
55478
78211
48986
67251
87825
37638
94267
95565
2572
84060
23737
45916
70596
99100
20634
4778
18295
50182
78579
38872
90767
49834
63506
66615
51353
212
24152
3078
51220
54707
68414
80712
72805
81061
66552
93313
95879
33633
46775
40429
72608
44480
59625
55005
96527
36648
30203
48879
25858
91319
43998
19560
86052
73480
72391
13361
29650
82181
42289
66475
76399
95210
16605
14961
9229
32817
43801
89257
10860
8960
48159
3078
65344
34891
62068
53501
83146
82758
30865
39937
93609
77164
86494
84285
1129
25989
52762
81902
22809
52759
6104
39867
90042
33740
14755
19409
49140
37628
51937
86239
66051
82359
70358
38315
9326
57617
39168
4400
16152
91210
22175
18645
89007
12857
72183
85098
3810
46037
78382
52193
68464
82111
88848
49767
85883
6671
18131
29950
2204
60569
44884
76824
42032
41499
74528
15090
10831
12359
86671
45483
45725
34824
64746
42751
90266
87890
24941
12548
75156
97323
56360
94048
55580
94287
1695
79397
66518
75493
43250
34827
52169
37276
89655
31016
15383
42784
15938
8302
80551
10815
74054
77569
53790
6003
91510
65939
10476
10956
13381
40414
44098
59611
55691
61054
42305
84701
45032
74280
50797
34594
96931
58731
93665
43993
61740
61442
69405
40090
46080
70226
79962
76175
31082
60966
35101
58080
39078
39013
80650
88698
55521
4973
91472
37851
52988
33134
17250
78908
63855
41413
47718
96155
41643
60243
62342
64196
47352
81402
88548
51548
70173
90676
29195
20234
38301
96527
50336
94690
86302
78985
47959
92080
17574
33572
59618
82141
20862
71589
76837
3456
45304
91375
24164
93988
10029
13368
18429
97394
72319
10180
20531
89851
5661
87718
23903
54436
21797
87856
11243
14415
92803
25874
10873
52194
12184
75031
78557
54710
22806
71832
44172
96157
24072
8603
8332
97201
70190
69708
7274
68277
39717
5814
20267
30603
10565
1597
9850
42066
99045
66107
35904
39928
62937
34710
75154
74500
90779
75579
17860
24089
79656
26713
24124
64904
44417
97308
17825
79285
5553
4740
89649
74275
61455
14305
92306
24063
43641
53805
1088
55430
63616
63239
3365
49588
7843
87943
10279
47914
37268
25795
53212
59131
75254
91325
98040
371
62760
71910
41671
76901
81979
75540
65398
751
47647
56987
69803
65068
83708
60298
23157
23254
88284
17029
47549
79061
4006
43067
26716
94345
35717
71331
25959
31984
72071
21912
87366
69972
8769
6766
30658
89620
43920
66383
52380
27437
75482
38103
53626
89989
42419
91624
79740
30228
81436
6315
30413
23504
78821
51588
6453
23763
41267
90864
50059
55499
94941
99902
42440
49342
1488
63111
6999
67479
63219
43915
89576
33329
95748
76074
40835
46335
54433
21787
17306
10550
63779
85292
72632
60728
27269
27671
32373
49854
10562
7006
28363
9473
24764
50179
49251
4261
93145
77190
552
74082
55336
32891
28190
9168
86146
16615
31531
40334
11979
89431
58483
40783
31063
11549
79874
93154
57481
91912
27490
11197
64343
48095
34540
37798
62218
38811
59483
24573
15169
91006
35196
55752
42548
85139
17985
86620
13334
38722
37653
57158
58580
47760
98827
44948
88027
78833
10255
23330
47286
93708
3709
49252
11444
73770
4336
69037
68712
19737
91347
73946
4714
75075
59988
47870
37403
70982
26903
56811
3398
93456
6630
26426
78113
12313
10693
15287
99187
39773
37379
52012
49775
28884
7885
48487
74143
4240
23293
4139
24540
26323
51825
77169
82457
99466
32374
60216
24096
11049
57794
91088
4692
17348
12384
42111
26678
11944
24966
61613
63683
82388
70915
75219
24313
17687
42805
43995
22074
11463
42039
78515
66154
59035
80631
74228
90771
58470
9701
28426
72680
32433
65735
65599
79238
45907
26601
45960
25205
21295
16114
25387
72366
51274
56402
87499
83864
43432
99928
44082
72907
15907
6272
76795
24277
89062
15594
75449
39770
12748
43717
79047
5910
81584
70569
39052
17310
34448
28421
81674
78533
80131
38061
75204
5306
16916
81653
82282
35055
6235
38139
20354
21716
8726
61502
70997
39266
72521
28813
67059
42676
17807
34331
60707
97039
10619
6510
34283
64226
97264
56022
61657
91688
94169
26907
65132
95178
58854
96975
11266
16322
64451
70466
59934
2523
16023
58004
9493
79188
80598
18822
56182
24451
51715
51753
23476
36598
5894
46840
89361
70324
84934
65826
71816
23330
40995
52575
88919
98370
33458
58340
89960
47030
62262
31409
7194
43938
21207
28647
31280
18800
72994
55287
42358
74477
221
85206
62444
79184
2565
16620
79793
69498
32806
33580
7180
40184
70070
8382
2713
64678
66254
35320
93071
7375
43078
19531
63850
91567
43916
52474
98330
35705
21889
32549
99559
68724
2736
10947
42207
93824
63436
49678
59326
99159
29381
44824
58137
10510
44294
29404
37991
47418
48974
54543
34412
96560
50984
4310
93027
40869
29866
5617
84071
67412
62855
88276
68382
86910
8561
84982
72995
96235
56366
64418
90094
30510
37622
63723
14914
60199
93895
32413
3123
46722
79396
62638
81939
36221
65169
71764
38295
4071
79011
48912
98186
89348
94408
51079
38606
17389
26675
73330
29322
64532
63265
49323
22164
23909
74541
87496
55388
71688
57164
53796
56915
9602
67559
24696
91895
4956
40627
38121
8316
85659
84654
37435
2136
84590
39095
35012
29355
4199
2122
88731
40424
4128
40472
71054
31621
78175
38047
64755
63707
78196
69995
39862
54426
12255
72168
20210
30925
34446
83747
51323
76453
77444
29084
97559
75460
98070
4170
13965
74089
16430
36907
32213
72275
81618
23302
73999
57107
54048
77600
66736
72498
98896
42263
2424
32060
50075
70685
63838
13512
32921
95797
75020
66118
27622
20995
95111
21860
88158
1907
8359
68604
61640
51946
77573
46781
89615
34816
49586
76660
77131
30370
53252
13878
54943
15715
94059
30349
77211
21242
70818
78334
75873
73308
64193
14611
96709
24023
18224
64425
77197
53160
51734
43992
36056
80953
71406
87162
96923
71451
51771
70426
13094
99323
77074
26747
59142
74116
14070
41538
35587
31186
30850
65473
20329
7182
35838
6336
52868
61643
87764
42282
13861
34203
22461
66130
18818
34318
12533
35104
80601
74633
13101
85307
38708
64095
15743
45844
35528
87727
68699
9325
49815
62745
26624
63365
70038
4094
84103
2754
56009
27667
80569
47321
3659
8705
16993
45660
19369
29501
99804
57600
92430
99391
72365
5610
3385
82849
58157
57782
14474
91798
45695
69764
64412
47204
44482
40256
82443
26751
6848
58059
13975
91332
80259
47883
51266
50158
10246
39916
21715
44249
20937
43825
58205
32465
71999
41980
51961
12469
2242
89781
72175
30222
24902
46202
10420
3494
13355
14563
8333
3623
91116
46065
9266
6097
24500
34291
20046
16727
53744
14389
96291
65270
44320
77221
95082
23763
50727
89859
5272
34192
23745
67268
12956
6155
3188
36323
83524
79763
33951
22341
91520
41160
97456
9287
67038
16814
79858
67686
87060
51149
11843
99915
74109
63497
55619
42897
41626
3801
85832
11892
52922
64869
23407
20536
65140
24833
24589
82163
66033
52192
5411
92824
99303
7383
99376
17345
40799
15888
14976
18008
80664
98471
53954
87394
90405
95621
59000
81321
95217
12598
99847
84196
67
57321
10670
9317
15964
12548
55604
52351
94941
77601
91258
72017
31206
81480
21647
96627
92217
34282
62978
88925
82781
67064
99314
56591
41503
83166
75970
8128
91090
47264
67816
19398
64759
37263
51300
61822
78296
62407
16654
90969
24814
5192
31880
52484
74850
94895
21171
5746
4976
46929
4221
97320
30120
87348
52343
89636
25647
85129
41541
47531
5090
71977
36143
4494
43770
27435
82357
2776
47339
38016
7743
9463
65670
7500
30898
51172
38207
52896
95614
96720
88968
80280
36372
57965
76284
1230
6901
67671
97049
13562
14374
66429
34532
46663
43904
46288
27088
24658
42019
24839
38201
3937
24875
30699
39595
86814
53466
60742
65472
14927
52853
38307
73254
1556
79307
4514
7550
49244
24784
23259
73089
26371
18824
85644
17245
83468
90334
82592
82781
567
68660
32670
29799
63136
5269
8779
39391
70004
358
32573
78377
4496
26428
59646
71116
57304
38407
84857
34001
82736
48523
53924
1899
14011
31791
95625
79664
91117
1006
84659
25125
18799
61931
1458
40569
8623
8610
66411
75144
9633
43034
16926
31935
63383
48022
37813
82943
30136
31594
89031
50682
79423
73963
78886
17691
96083
54303
96459
4866
28831
25716
43611
34861
61389
96749
86070
92274
27363
49110
93565
6472
6170
48952
49245
32102
17143
53384
42172
38499
26537
76666
4319
59645
67646
71604
87733
91061
44545
9661
27876
15191
29876
69652
44334
28119
18789
1180
46559
74807
3921
43477
29110
60805
72978
88006
79150
33281
33990
27030
51560
42428
1086
95195
19254
58237
15615
85962
83238
79613
35064
26316
70729
40210
87521
38033
92543
30312
25580
70878
77121
97195
92715
76994
52779
41122
36862
45543
29220
46805
47798
94852
64747
79279
75275
3759
20224
41118
33143
32752
50700
79223
55789
47312
24013
48343
26969
30384
12962
45861
25206
92695
13040
72307
90022
54691
29295
81346
65041
96384
43636
98437
38013
75638
67387
36222
61925
92828
6160
35813
72954
25035
68602
71847
13459
59054
71589
299
86866
15573
33387
2064
45813
94153
77567
73298
90933
50490
77301
78635
11327
5556
86737
44022
42861
29551
4811
83406
67840
94854
92059
99158
6107
78943
47686
23026
29631
28393
86085
29682
6911
40132
56207
5166
90655
32922
74083
72813
47950
92396
25044
71424
70493
6375
78608
36043
62171
63637
623
73892
67470
83407
83413
32820
51728
15664
94979
63354
50596
26341
26273
96367
23155
99105
97568
50436
21352
42957
65359
35687
94404
80252
39901
78021
55614
52413
66117
31977
24315
52522
93723
70402
87526
67197
72177
25123
46252
12194
22598
83172
29174
60103
71628
50694
69412
43951
85076
66452
6659
75366
67288
63589
38698
55888
44677
31901
79831
34235
45443
33427
13825
50738
53827
20590
31769
96883
3652
13832
14146
60920
12321
45813
56682
91729
66715
54076
4580
14611
53950
25988
96804
10410
62418
58570
23382
3946
9633
24718
28379
17187
72895
38126
